1
8
18
20
30
34
48
49
53
54
61
66
68
70
81
106
110
127
131
134
136
145
148
160
166
169
176
203
220
229
256
260
272
274
279
285
292
297
298
300
301
315
323
325
327
329
332
339
348
360
367
368
377
385
388
391
393
398
402
406
409
445
451
465
471
472
480
481
494
501
505
516
525
530
532
534
553
562
570
572
575
578
590
595
617
619
627
635
637
650
651
657
665
666
670
671
672
678
681
685
689
712
713
714
722
737
753
754
760
766
770
777
807
810
816
827
829
838
844
867
873
876
883
893
921
923
929
950
955
957
970
971
973
978
1001
1019
1029
1033
1035
1050
1062
1068
1072
1075
1089
1098
1108
1109
1137
1140
1141
1144
1146
1147
1149
1152
1154
1159
1171
1184
1188
1191
1197
1204
1227
1239
1261
1264
1269
1273
1280
1282
1284
1285
1291
1292
1304
1308
1309
1310
1319
1325
1330
1339
1354
1361
1362
1365
1369
1373
1374
1375
1396
1402
1405
1416
1417
1420
1428
1432
1433
1437
1440
1442
1455
1466
1469
1476
1478
1499
1501
1508
1509
1510
1513
1532
1536
1543
1545
1547
1550
1560
1562
1574
1581
1597
1601
1612
1637
1654
1674
1686
1705
1708
1713
1718
1726
1734
1742
1760
1762
1774
1775
1780
1783
1790
1798
1800
1803
1805
1807
1812
1820
1824
1840
1841
1854
1862
1905
1939
1941
1942
1960
1969
1986
1999
2009
2013
2016
2020
2031
2038
2041
2044
2068
2070
2080
2081
2100
2106
2112
2130
2132
2133
2139
2155
2176
2187
2204
2209
2218
2220
2223
2226
2233
2236
2244
2260
2264
2267
2278
2282
2289
2292
2301
2305
2318
2337
2344
2353
2354
2365
2374
2375
2376
2382
2393
2394
2395
2400
2416
2422
2430
2435
2448
2452
2455
2462
2471
2482
2491
2500
2506
2512
2518
2540
2556
2557
2560
2563
2571
2572
2577
2579
2594
2598
2600
2603
2608
2610
2613
2615
2631
2634
2639
2650
2653
2654
2659
2673
2675
2681
2682
2699
2702
2704
2711
2724
2727
2733
2735
2750
2773
2786
2790
2794
2801
2808
2814
2821
2822
2824
2826
2836
2844
2856
2860
2862
2863
2868
2870
2874
2876
2882
2908
2911
2920
2934
2937
2942
2945
2964
2966
2971
2972
2991
2998
3011
3023
3028
3042
3044
3045
3047
3052
3055
3071
3090
3102
3109
3140
3145
3153
3158
3160
3172
3173
3181
3186
3194
3195
3203
3224
3225
3230
3236
3242
3244
3251
3256
3265
3266
3269
3270
3280
3282
3284
3290
3310
3316
3321
3333
3337
3340
3343
3360
3361
3378
3382
3410
3412
3429
3431
3443
3445
3447
3449
3456
3462
3463
3468
3472
3473
3481
3488
3492
3497
3498
3499
3500
3501
3503
3523
3528
3529
3571
3581
3590
3591
3601
3602
3604
3611
3617
3619
3621
3623
3624
3634
3656
3670
3674
3682
3688
3695
3702
3703
3704
3710
3718
3720
3723
3747
3764
3770
3771
3773
3786
3795
3802
3803
3814
3825
3844
3851
3853
3855
3858
3860
3866
3867
3897
3911
3914
3918
3946
3950
3955
3957
3961
3966
3970
3990
3999
4013
4019
4027
4029
4030
4033
4035
4038
4048
4049
4053
4054
4055
4063
4089
4090
4092
4098
4108
4116
4118
4119
4120
4121
4131
4135
4140
4141
4145
4149
4150
4154
4160
4161
4165
4172
4190
4193
4196
4199
4211
4215
4229
4232
4241
4287
4294
4297
4299
4307
4319
4325
4333
4351
4365
4368
4374
4379
4383
4404
4407
4416
4417
4433
4434
4437
4457
4460
4461
4473
4487
4490
4493
4498
4500
4523
4528
4532
4536
4540
4548
4554
4562
4566
4572
4580
4593
4604
4605
4606
4617
4620
4627
4634
4636
4640
4643
4661
4664
4665
4681
4696
4698
4719
4727
4737
4760
4770
4783
4798
4799
4820
4835
4842
4843
4858
4864
4867
4868
4869
4873
4875
4876
4884
4890
4894
4905
4908
4916
4920
4924
4937
4942
4961
4965
4971
4977
4981
4993
5002
5012
5016
5018
5019
5023
5027
5033
5036
5037
5046
5050
5051
5055
5056
5058
5060
5062
5065
5072
5075
5077
5082
5089
5093
5101
5112
5113
5128
5135
5148
5150
5158
5214
5231
5239
5250
5256
5261
5267
5275
5292
5293
5294
5300
5306
5309
5311
5313
5323
5328
5338
5343
5348
5351
5361
5363
5369
5379
5382
5390
5399
5430
5434
5455
5479
5492
5493
5494
5496
5501
5502
5511
5513
5517
5520
5531
5538
5549
5559
5560
5569
5577
5580
5584
5588
5593
5594
5605
5607
5611
5625
5636
5651
5654
5657
5659
5678
5679
5680
5682
5691
5720
5721
5730
5736
5760
5768
5774
5796
5797
5799
5810
5814
5825
5830
5838
5849
5861
5862
5866
5889
5899
5900
5930
5933
5947
5962
5979
5987
6006
6022
6023
6025
6047
6051
6060
6088
6096
6117
6121
6143
6151
6156
6164
6182
6192
6200
6201
6211
6222
6223
6231
6238
6244
6246
6251
6257
6258
6259
6263
6270
6273
6276
6279
6285
6287
6292
6317
6320
6333
6349
6358
6370
6372
6375
6377
6380
6386
6391
6398
6421
6426
6434
6445
6447
6456
6469
6480
6493
6506
6524
6536
6541
6543
6551
6561
6571
6576
6579
6580
6593
6594
6595
6608
6637
6643
6645
6649
6654
6655
6658
6660
6661
6679
6695
6702
6709
6713
6715
6733
6737
6738
6741
6752
6758
6759
6780
6785
6793
6797
6803
6806
6812
6813
6817
6825
6829
6834
6836
6846
6847
6863
6868
6887
6890
6892
6893
6910
6917
6924
6930
6956
6973
6974
6975
6976
6985
6993
6996
7002
7007
7017
7023
7037
7044
7054
7064
7065
7066
7067
7076
7088
7103
7105
7108
7113
7118
7131
7134
7137
7139
7141
7145
7151
7154
7167
7170
7176
7212
7222
7237
7244
7251
7253
7255
7260
7263
7264
7270
7276
7280
7286
7299
7308
7312
7319
7324
7329
7334
7335
7339
7353
7354
7356
7357
7370
7392
7393
7401
7422
7435
7436
7437
7440
7443
7444
7448
7458
7464
7466
7481
7484
7485
7488
7492
7493
7498
7505
7507
7517
7526
7538
7542
7552
7555
7570
7571
7580
7583
7595
7607
7610
7614
7616
7618
7622
7626
7627
7629
7648
7652
7653
7658
7660
7672
7687
7695
7696
7698
7710
7715
7716
7721
7733
7745
7756
7767
7785
7793
7795
7796
7798
7800
7801
7807
7810
7841
7844
7846
7865
7867
7869
7871
7873
7885
7888
7894
7899
7904
7914
7926
7930
7938
7939
7942
7948
7961
7967
7970
7995
8000
8001
8030
8031
8034
8035
8041
8044
8047
8051
8063
8079
8080
8088
8091
8097
8105
8107
8110
8114
8119
8121
8127
8129
8130
8139
8141
8154
8163
8168
8175
8176
8179
8180
8184
8185
8190
8196
8203
8204
8210
8214
8216
8218
8220
8222
8225
8240
8253
8255
8259
8276
8291
8297
8302
8314
8319
8322
8328
8333
8340
8360
8363
8386
8394
8401
8404
8421
8422
8435
8436
8453
8454
8457
8463
8465
8470
8481
8493
8502
8505
8510
8515
8516
8518
8533
8535
8540
8541
8543
8547
8549
8552
8554
8556
8557
8576
8596
8604
8609
8617
8619
8620
8627
8632
8634
8635
8641
8642
8645
8653
8659
8665
8686
8688
8691
8695
8697
8699
8712
8713
8714
8719
8736
8737
8740
8769
8776
8783
8787
8790
8792
8804
8812
8819
8823
8854
8878
8880
8884
8887
8888
8892
8909
8911
8917
8920
8926
8937
8969
8984
8985
8988
9012
9022
9024
9029
9041
9045
9065
9068
9069
9071
9073
9081
9096
9100
9104
9107
9111
9122
9129
9135
9136
9157
9166
9182
9189
9194
9223
9224
9227
9228
9231
9243
9245
9258
9270
9278
9284
9298
9301
9305
9332
9337
9344
9358
9378
9382
9385
9394
9414
9415
9430
9439
9446
9461
9485
9488
9506
9509
9530
9531
9538
9541
9547
9549
9562
9564
9567
9572
9579
9582
9594
9595
9599
9602
9609
9625
9627
9634
9636
9638
9644
9657
9662
9664
9675
9682
9689
9698
9699
9701
9714
9724
9733
9752
9753
9760
9765
9766
9769
9772
9809
9822
9828
9839
9840
9854
9856
9866
9870
9875
9878
9880
9883
9901
9908
9913
9915
9962
9966
9989
9993
9994
9996
10016
10018
10021
10043
10050
10053
10075
10088
10092
10099
10104
10109
10110
10116
10121
10123
10124
10141
10142
10146
10154
10163
10165
10175
10181
10188
10197
10198
10202
10205
10207
10233
10244
10245
10261
10281
10285
10308
10315
10318
10321
10338
10340
10342
10368
10374
10380
10382
10387
10388
10389
10398
10403
10425
10432
10444
10461
10471
10488
10489
10491
10496
10499
10502
10505
10510
10514
10520
10538
10539
10546
10551
10566
10571
10595
10596
10598
10622
10633
10644
10653
10670
10677
10688
10694
10701
10704
10714
10721
10722
10729
10733
10738
10754
10774
10791
10799
10806
10829
10830
10834
10835
10840
10845
10851
10856
10862
10864
10866
10870
10871
10873
10878
10880
10881
10882
10889
10895
10900
10904
10905
10910
10911
10912
10914
10942
10954
10956
10966
10970
10981
10990
10996
10998
10999
11004
11005
11013
11029
11037
11038
11052
11054
11055
11059
11060
11067
11071
11074
11083
11099
11101
11102
11104
11109
11115
11117
11128
11132
11133
11134
11167
11171
11173
11179
11184
11206
11208
11238
11254
11258
11267
11274
11282
11289
11312
11315
11323
11328
11383
11384
11385
11389
11394
11396
11397
11407
11410
11417
11421
11430
11438
11439
11445
11447
11454
11455
11457
11459
11469
11472
11473
11493
11494
11502
11504
11518
11520
11521
11533
11542
11545
11550
11565
11566
11572
11577
11590
11595
11603
11608
11620
11625
11627
11631
11641
11643
11655
11666
11667
11672
11689
11692
11698
11699
11706
11726
11732
11742
11743
11747
11750
11752
11768
11774
11787
11800
11805
11808
11812
11822
11826
11830
11838
11846
11853
11869
11873
11885
11889
11915
11917
11930
11935
11936
11938
11940
11941
11943
11958
11965
11969
11980
11994
11999
12005
12009
12012
12013
12015
12023
12030
12040
12074
12079
12082
12097
12102
12112
12124
12130
12142
12144
12149
12157
12159
12160
12161
12166
12171
12176
12177
12182
12187
12188
12202
12212
12215
12217
12246
12249
12257
12261
12269
12285
12286
12292
12323
12333
12340
12350
12369
12370
12381
12393
12400
12403
12404
12409
12419
12422
12424
12426
12431
12435
12462
12463
12468
12489
12492
12494
12505
12514
12517
12518
12524
12536
12543
12545
12553
12556
12565
12566
12571
12572
12573
12579
12584
12588
12592
12606
12610
12622
12625
12626
12630
12634
12653
12655
12667
12668
12672
12684
12689
12693
12699
12702
12712
12719
12732
12742
12743
12745
12760
12767
12771
12776
12779
12782
12787
12791
12792
12804
12810
12813
12814
12819
12822
12824
12829
12833
12835
12849
12851
12855
12874
12886
12905
12921
12922
12925
12936
12945
12953
12955
12956
12961
12965
12989
12992
12993
13004
13005
13008
13061
13069
13078
13079
13081
13082
13083
13085
13095
13098
13113
13127
13132
13134
13141
13143
13144
13173
13177
13181
13182
13188
13197
13204
13240
13246
13248
13252
13254
13255
13259
13280
13290
13294
13295
13317
13320
13321
13322
13323
13333
13335
13344
13345
13348
13356
13357
13364
13367
13376
13384
13388
13391
13393
13395
13398
13448
13456
13467
13470
13479
13480
13483
13494
13497
13503
13511
13519
13522
13523
13527
13533
13538
13540
13545
13552
13557
13559
13569
13571
13573
13576
13582
13597
13618
13624
13631
13633
13638
13642
13646
13656
13662
13666
13667
13670
13672
13695
13696
13704
13708
13721
13724
13754
13760
13764
13770
13771
13779
13781
13788
13790
13796
13800
13801
13817
13823
13825
13845
13849
13859
13886
13916
13926
13930
13932
13941
13961
13965
13984
13992
13996
14004
14011
14015
14018
14029
14030
14037
14045
14057
14080
14081
14088
14090
14093
14102
14114
14118
14133
14151
14160
14161
14162
14164
14179
14184
14188
14205
14208
14231
14233
14235
14261
14303
14305
14310
14318
14320
14325
14330
14360
14361
14370
14392
14394
14396
14399
14405
14407
14412
14419
14420
14422
14426
14427
14429
14433
14436
14439
14440
14441
14456
14468
14470
14474
14481
14483
14487
14489
14504
14526
14539
14540
14551
14553
14561
14566
14567
14586
14614
14616
14626
14629
14637
14639
14649
14653
14654
14662
14663
14667
14676
14680
14705
14708
14711
14717
14728
14739
14752
14754
14766
14790
14791
14796
14802
14804
14813
14820
14825
14841
14853
14855
14860
14862
14865
14871
14875
14879
14883
14884
14891
14896
14906
14913
14932
14938
14942
14948
14959
14965
14973
14978
14984
15003
15007
15010
15014
15015
15021
15054
15055
15064
15071
15080
15106
15110
15115
15133
15137
15143
15146
15148
15151
15154
15159
15172
15174
15179
15183
15192
15200
15201
15204
15230
15233
15235
15239
15240
15242
15247
15256
15265
15272
15281
15307
15320
15325
15338
15340
15343
15353
15355
15357
15371
15380
15392
15403
15431
15447
15458
15460
15462
15469
15492
15497
15499
15507
15513
15523
15524
15530
15531
15535
15538
15545
15548
15549
15565
15566
15573
15583
15595
15605
15609
15611
15637
15641
15660
15662
15664
15665
15668
15669
15680
15689
15692
15702
15703
15705
15706
15708
15712
15718
15721
15724
15736
15744
15745
15751
15759
15769
15773
15778
15801
15812
15818
15822
15832
15851
15854
15855
15856
15870
15872
15875
15892
15895
15904
15925
15928
15930
15933
15943
15954
15967
15970
15988
15990
15991
15997
16002
16005
16017
16018
16026
16033
16041
16049
16064
16068
16073
16074
16080
16090
16096
16099
16103
16108
16125
16131
16135
16140
16148
16156
16159
16171
16179
16181
16213
16218
16222
16236
16242
16245
16260
16261
16271
16276
16293
16297
16311
16332
16333
16337
16339
16346
16350
16354
16356
16360
16383
16384
16394
16418
16419
16430
16440
16443
16444
16445
16448
16470
16471
16476
16478
16488
16498
16509
16510
16512
16516
16525
16528
16529
16536
16542
16555
16561
16563
16570
16602
16604
16605
16608
16610
16614
16615
16619
16622
16623
16643
16648
16667
16668
16672
16677
16682
16686
16700
16705
16715
16720
16737
16748
16756
16769
16771
16775
16797
16800
16806
16813
16821
16823
16832
16842
16857
16867
16871
16877
16880
16883
16889
16906
16911
16914
16924
16926
16936
16942
16957
16961
16964
16986
16997
17003
17007
17013
17017
17018
17032
17038
17061
17062
17068
17076
17079
17082
17090
17096
17114
17126
17129
17147
17149
17152
17153
17169
17172
17180
17195
17204
17208
17217
17222
17233
17234
17242
17257
17265
17266
17273
17274
17277
17280
17291
17296
17297
17299
17311
17315
17318
17322
17328
17346
17359
17363
17369
17371
17378
17393
17394
17403
17408
17418
17419
17421
17437
17455
17460
17462
17468
17471
17488
17490
17496
17497
17501
17526
17527
17531
17576
17581
17603
17609
17611
17619
17638
17644
17645
17649
17658
17663
17672
17673
17674
17679
17682
17689
17716
17730
17734
17738
17743
17744
17745
17752
17756
17766
17767
17778
17780
17810
17812
17830
17833
17842
17852
17855
17861
17867
17870
17875
17881
17886
17887
17892
17897
17900
17907
17908
17915
17924
17927
17931
17939
17944
17945
17955
17967
17986
17988
17990
17995
18001
18009
18011
18022
18026
18037
18038
18044
18054
18058
18060
18073
18076
18081
18102
18106
18137
18141
18152
18156
18159
18160
18161
18163
18169
18178
18179
18184
18190
18196
18197
18212
18226
18229
18236
18253
18255
18263
18268
18277
18278
18289
18290
18292
18294
18295
18299
18304
18309
18311
18317
18339
18342
18357
18358
18367
18378
18383
18386
18390
18407
18408
18421
18433
18436
18447
18452
18456
18474
18478
18500
18501
18503
18516
18522
18524
18525
18529
18533
18534
18540
18546
18547
18554
18556
18570
18577
18580
18599
18613
18619
18623
18624
18625
18630
18633
18641
18646
18658
18664
18665
18669
18679
18685
18695
18700
18710
18711
18715
18726
18737
18744
18751
18758
18763
18765
18771
18778
18779
18784
18785
18788
18813
18816
18822
18834
18858
18864
18871
18880
18891
18894
18933
18935
18937
18944
18953
18961
18963
18968
18976
18983
19003
19005
19010
19018
19020
19038
19071
19076
19082
19088
19090
19093
19098
19114
19116
19141
19142
19161
19165
19167
19170
19176
19183
19191
19194
19196
19209
19213
19215
19220
19228
19229
19241
19242
19245
19248
19249
19250
19251
19275
19283
19286
19299
19309
19311
19315
19325
19336
19337
19338
19347
19348
19358
19363
19364
19365
19366
19374
19376
19385
19390
19392
19393
19408
19418
19421
19438
19441
19454
19466
19481
19484
19491
19509
19510
19511
19518
19531
19544
19559
19568
19570
19574
19575
19576
19582
19588
19590
19592
19598
19632
19640
19654
19658
19668
19672
19697
19712
19713
19734
19743
19754
19760
19764
19769
19777
19794
19814
19815
19820
19840
19844
19854
19859
19875
19877
19880
19886
19898
19916
19940
19947
19956
19966
19971
19997
20000
20011
20018
20026
20027
20032
20037
20063
20072
20074
20090
20092
20093
20098
20100
20110
20111
20118
20123
20131
20141
20143
20171
20200
20211
20215
20225
20230
20256
20267
20268
20289
20291
20299
20301
20313
20316
20319
20336
20350
20351
20365
20372
20386
20393
20428
20429
20438
20442
20448
20454
20458
20462
20468
20503
20506
20508
20531
20536
20539
20542
20545
20546
20550
20554
20557
20559
20562
20571
20575
20587
20595
20596
20600
20605
20611
20615
20621
20644
20649
20652
20660
20677
20683
20686
20693
20698
20705
20707
20719
20728
20736
20750
20754
20761
20765
20776
20780
20808
20842
20856
20868
20869
20870
20881
20883
20884
20900
20916
20922
20928
20936
20939
20942
20949
20951
20961
20965
21007
21009
21019
21029
21030
21033
21039
21047
21054
21060
21061
21066
21067
21074
21081
21084
21092
21095
21121
21147
21148
21152
21164
21167
21168
21170
21171
21174
21178
21191
21194
21195
21198
21202
21226
21234
21239
21242
21248
21254
21271
21272
21301
21304
21307
21311
21313
21320
21322
21337
21364
21378
21384
21400
21414
21416
21427
21429
21433
21448
21450
21454
21465
21477
21478
21481
21485
21502
21503
21518
21522
21531
21532
21537
21544
21561
21567
21570
21574
21575
21587
21596
21601
21602
21607
21611
21624
21631
21642
21653
21659
21661
21668
21685
21687
21707
21726
21728
21747
21748
21749
21754
21758
21759
21762
21763
21764
21768
21790
21795
21798
21802
21804
21809
21827
21838
21839
21842
21845
21847
21856
21858
21861
21865
21884
21889
21890
21899
21914
21922
21923
21924
21935
21958
21959
21966
21988
21991
21998
22001
22002
22016
22027
22044
22049
22051
22078
22087
22088
22094
22101
22112
22117
22130
22133
22157
22160
22171
22177
22178
22188
22191
22193
22195
22196
22202
22215
22223
22234
22250
22264
22265
22266
22271
22272
22277
22278
22279
22285
22294
22297
22302
22307
22308
22318
22329
22335
22344
22377
22378
22383
22389
22392
22398
22401
22405
22406
22408
22411
22413
22430
22434
22448
22451
22464
22472
22477
22488
22495
22497
22504
22505
22511
22519
22521
22536
22549
22550
22568
22578
22594
22596
22601
22603
22608
22623
22631
22636
22637
22639
22644
22659
22676
22681
22693
22708
22719
22743
22765
22775
22779
22784
22792
22795
22806
22821
22835
22868
22872
22889
22897
22911
22921
22922
22923
22925
22928
22948
22964
22965
22966
22970
22974
22982
22990
22993
23004
23006
23009
23024
23025
23030
23037
23042
23043
23044
23045
23056
23059
23078
23081
23085
23091
23100
23107
23109
23114
23119
23126
23129
23132
23133
23134
23138
23139
23144
23173
23174
23184
23191
23198
23228
23238
23242
23248
23249
23251
23252
23261
23262
23263
23281
23286
23304
23305
23310
23312
23313
23316
23320
23333
23337
23343
23352
23359
23366
23379
23391
23394
23400
23405
23412
23437
23449
23452
23465
23468
23470
23474
23480
23485
23488
23506
23511
23512
23513
23526
23538
23545
23575
23578
23597
23598
23609
23613
23620
23632
23640
23647
23651
23657
23663
23665
23673
23677
23678
23679
23690
23694
23700
23704
23720
23732
23739
23740
23742
23745
23756
23757
23759
23760
23763
23770
23776
23785
23790
23793
23800
23801
23805
23819
23825
23840
23845
23859
23861
23865
23875
23883
23888
23889
23911
23915
23928
23931
23936
23939
23942
23943
23950
23952
23958
23971
23978
23983
24018
24023
24035
24044
24046
24057
24062
24066
24079
24083
24091
24092
24095
24097
24099
24100
24101
24133
24136
24164
24167
24169
24174
24177
24184
24201
24202
24206
24210
24223
24225
24245
24246
24253
24263
24267
24289
24292
24302
24303
24304
24316
24324
24336
24342
24345
24347
24354
24361
24366
24369
24375
24382
24385
24388
24393
24398
24404
24407
24427
24455
24457
24466
24467
24473
24475
24481
24482
24493
24499
24505
24517
24520
24527
24537
24545
24547
24575
24585
24588
24595
24596
24605
24619
24623
24628
24630
24646
24649
24651
24662
24669
24674
24690
24692
24694
24695
24710
24713
24721
24722
24723
24730
24731
24741
24748
24751
24774
24775
24778
24787
24788
24793
24795
24809
24816
24817
24827
24831
24832
24850
24867
24875
24887
24923
24927
24933
24942
24944
24945
24946
24957
24967
24969
24978
24980
24992
24994
25001
25005
25009
25010
25035
25036
25068
25078
25079
25082
25090
25099
25102
25104
25105
25111
25112
25113
25142
25144
25145
25155
25159
25169
25171
25176
25183
25188
25198
25212
25213
25219
25223
25224
25246
25249
25257
25261
25266
25287
25293
25295
25321
25323
25336
25338
25341
25368
25382
25396
25398
25408
25412
25427
25433
25439
25442
25444
25460
25466
25468
25469
25492
25501
25503
25507
25515
25522
25537
25542
25546
25547
25550
25554
25555
25588
25598
25599
25608
25622
25625
25632
25633
25641
25649
25651
25658
25663
25686
25697
25705
25707
25708
25715
25720
25725
25736
25737
25741
25753
25754
25756
25760
25783
25792
25795
25804
25824
25832
25840
25888
25890
25898
25908
25918
25928
25935
25941
25944
25948
25969
25970
25974
25979
25986
25994
26026
26053
26055
26061
26063
26068
26077
26079
26082
26085
26087
26092
26120
26121
26124
26131
26139
26143
26144
26159
26161
26168
26188
26195
26200
26203
26232
26241
26242
26261
26269
26271
26283
26289
26324
26328
26330
26332
26339
26344
26360
26362
26363
26370
26376
26389
26393
26396
26404
26409
26411
26420
26426
26432
26468
26470
26487
26491
26492
26494
26495
26500
26501
26509
26546
26548
26553
26567
26592
26602
26603
26604
26611
26624
26629
26654
26655
26656
26677
26678
26688
26690
26692
26694
26695
26712
26716
26719
26720
26722
26723
26734
26743
26750
26770
26780
26782
26785
26804
26812
26813
26815
26825
26832
26842
26844
26849
26856
26866
26874
26878
26883
26897
26902
26904
26916
26924
26937
26949
26954
26964
26974
26975
26977
26978
26980
26987
26989
26996
27013
27014
27016
27017
27032
27043
27045
27048
27051
27054
27055
27056
27057
27066
27073
27077
27083
27099
27100
27141
27143
27148
27150
27157
27163
27166
27172
27178
27187
27196
27205
27216
27229
27237
27246
27249
27255
27256
27279
27283
27302
27305
27306
27308
27309
27310
27316
27318
27322
27346
