1
2
12
18
34
36
53
56
70
81
110
127
131
132
134
136
145
148
185
203
220
229
240
250
260
274
279
282
285
290
297
301
315
323
325
327
330
332
359
365
367
368
377
383
386
391
398
402
409
451
471
472
481
486
501
505
506
516
525
530
531
534
557
562
572
575
587
605
637
648
651
653
657
666
670
671
672
678
680
685
694
706
712
713
714
722
728
753
754
760
766
770
781
807
810
816
828
829
838
844
867
869
873
874
876
889
894
917
927
950
955
957
962
970
971
978
995
997
1001
1005
1010
1029
1035
1057
1068
1072
1076
1090
1108
1120
1123
1138
1146
1149
1152
1154
1159
1191
1197
1203
1214
1218
1219
1230
1239
1264
1269
1273
1282
1284
1285
1287
1305
1309
1310
1319
1330
1335
1350
1357
1361
1362
1363
1365
1369
1373
1374
1382
1402
1405
1417
1427
1432
1442
1462
1470
1476
1481
1498
1501
1509
1513
1532
1543
1545
1560
1561
1578
1597
1629
1652
1671
1674
1686
1702
1705
1726
1733
1734
1742
1760
1762
1768
1775
1783
1798
1800
1805
1812
1820
1833
1839
1840
1841
1855
1862
1869
1888
1930
1939
1957
1960
1966
1986
2009
2011
2020
2041
2046
2064
2065
2068
2079
2080
2082
2107
2130
2133
2148
2154
2155
2191
2192
2205
2209
2218
2226
2233
2237
2238
2264
2267
2282
2283
2291
2292
2293
2318
2330
2336
2349
2353
2365
2374
2375
2382
2389
2394
2400
2404
2405
2416
2435
2439
2448
2452
2459
2462
2471
2472
2482
2491
2496
2500
2506
2518
2557
2560
2563
2572
2577
2579
2581
2594
2598
2600
2603
2615
2629
2634
2649
2650
2653
2673
2674
2675
2681
2682
2702
2704
2713
2727
2735
2769
2773
2775
2782
2786
2794
2806
2808
2813
2821
2822
2828
2860
2863
2870
2874
2880
2882
2910
2912
2913
2920
2934
2942
2962
2964
2966
3006
3011
3020
3023
3028
3042
3044
3052
3055
3056
3080
3096
3102
3109
3140
3143
3145
3153
3159
3172
3173
3186
3192
3195
3203
3216
3221
3224
3230
3242
3243
3244
3247
3256
3258
3266
3269
3280
3282
3284
3289
3310
3321
3322
3323
3325
3326
3330
3333
3339
3340
3342
3352
3360
3373
3378
3383
3398
3402
3428
3429
3443
3447
3455
3456
3468
3473
3481
3486
3492
3497
3499
3501
3523
3551
3552
3581
3587
3588
3590
3601
3602
3604
3611
3617
3619
3620
3621
3623
3652
3656
3670
3682
3685
3695
3710
3720
3739
3741
3747
3764
3771
3801
3803
3813
3825
3840
3851
3853
3866
3867
3896
3897
3918
3921
3933
3946
3950
3957
3961
3966
3970
4011
4012
4013
4017
4029
4033
4038
4048
4053
4054
4058
4059
4061
4066
4084
4089
4092
4098
4108
4114
4118
4119
4120
4124
4131
4135
4140
4145
4150
4153
4154
4157
4165
4172
4184
4190
4193
4199
4212
4215
4219
4222
4238
4241
4256
4294
4297
4299
4307
4317
4319
4325
4326
4333
4365
4374
4379
4416
4417
4434
4437
4457
4460
4461
4487
4489
4490
4492
4493
4498
4500
4510
4517
4523
4528
4535
4540
4548
4553
4554
4557
4572
4580
4604
4606
4634
4636
4640
4643
4658
4661
4665
4696
4703
4709
4710
4719
4737
4766
4770
4783
4798
4799
4820
4831
4839
4842
4864
4867
4868
4872
4876
4884
4890
4894
4901
4905
4924
4942
4953
4961
4969
4977
4993
5002
5012
5016
5029
5033
5037
5055
5056
5060
5062
5065
5072
5082
5093
5113
5128
5135
5150
5180
5202
5229
5231
5248
5250
5256
5294
5300
5306
5309
5311
5315
5322
5326
5328
5337
5338
5345
5351
5361
5369
5377
5379
5390
5427
5430
5434
5441
5455
5460
5479
5492
5493
5496
5501
5502
5531
5538
5559
5560
5561
5569
5577
5586
5594
5599
5602
5607
5629
5654
5657
5659
5678
5679
5681
5682
5684
5691
5701
5720
5730
5736
5751
5760
5777
5797
5815
5830
5838
5861
5866
5868
5883
5900
5930
5962
5980
5987
6001
6002
6006
6022
6025
6047
6060
6096
6117
6120
6121
6143
6162
6164
6182
6200
6201
6222
6223
6224
6236
6237
6244
6246
6257
6259
6263
6273
6285
6287
6292
6295
6317
6320
6323
6330
6333
6342
6347
6349
6358
6370
6372
6375
6394
6398
6403
6413
6418
6426
6447
6456
6469
6480
6492
6506
6524
6536
6541
6543
6550
6551
6567
6571
6572
6589
6590
6592
6595
6601
6608
6637
6641
6643
6645
6649
6654
6655
6658
6661
6694
6695
6702
6709
6715
6741
6745
6752
6758
6776
6780
6785
6797
6802
6813
6825
6828
6834
6846
6847
6861
6863
6890
6892
6898
6908
6910
6917
6930
6949
6973
6974
6975
6985
6993
7007
7017
7023
7032
7036
7051
7054
7064
7065
7066
7082
7083
7088
7105
7106
7131
7139
7141
7144
7151
7154
7167
7176
7203
7212
7216
7229
7237
7251
7253
7255
7256
7264
7270
7276
7280
7294
7307
7311
7312
7319
7324
7332
7334
7339
7354
7356
7357
7370
7381
7392
7401
7422
7423
7435
7436
7439
7440
7443
7446
7458
7464
7466
7470
7471
7475
7479
7484
7485
7493
7498
7507
7526
7530
7542
7552
7555
7562
7569
7570
7571
7580
7583
7599
7607
7616
7622
7624
7627
7629
7631
7647
7660
7664
7669
7672
7681
7687
7695
7696
7702
7705
7709
7710
7715
7716
7745
7756
7764
7767
7776
7782
7793
7795
7798
7800
7807
7808
7810
7815
7841
7845
7861
7872
7873
7885
7887
7899
7907
7914
7926
7928
7934
7939
7941
7942
7958
7961
7966
7967
7970
7981
8001
8016
8030
8031
8034
8041
8080
8088
8109
8110
8114
8119
8121
8127
8129
8141
8146
8172
8175
8176
8184
8185
8190
8203
8204
8205
8218
8222
8225
8253
8255
8259
8265
8276
8297
8298
8309
8314
8315
8328
8333
8337
8340
8363
8384
8394
8401
8407
8413
8422
8435
8444
8451
8453
8454
8457
8463
8465
8470
8482
8494
8502
8503
8505
8508
8510
8513
8516
8533
8534
8535
8549
8552
8554
8556
8558
8561
8572
8575
8587
8588
8596
8603
8604
8610
8617
8620
8627
8632
8634
8635
8642
8665
8671
8686
8697
8699
8701
8713
8714
8719
8732
8736
8740
8741
8744
8769
8776
8783
8786
8787
8792
8800
8803
8812
8823
8827
8836
8837
8854
8872
8875
8878
8885
8887
8888
8909
8911
8920
8926
8958
8969
8984
9012
9022
9024
9039
9065
9069
9071
9073
9081
9093
9100
9104
9111
9122
9129
9135
9140
9151
9153
9166
9189
9191
9212
9223
9224
9228
9243
9245
9249
9255
9270
9284
9286
9291
9298
9301
9305
9332
9337
9344
9356
9364
9382
9385
9394
9414
9430
9446
9452
9461
9462
9496
9506
9509
9514
9530
9531
9538
9546
9547
9562
9568
9572
9582
9599
9602
9620
9627
9634
9638
9644
9675
9688
9689
9699
9701
9708
9714
9716
9733
9752
9753
9766
9778
9787
9790
9804
9809
9822
9828
9839
9856
9866
9869
9870
9878
9880
9883
9903
9908
9909
9913
9929
9962
9966
9970
9972
9981
9989
9993
9999
10006
10010
10018
10021
10050
10053
10059
10069
10085
10086
10088
10090
10092
10099
10104
10106
10109
10110
10115
10121
10123
10131
10142
10146
10153
10163
10175
10181
10183
10186
10188
10197
10202
10207
10227
10233
10271
10274
10281
10300
10315
10318
10321
10336
10338
10340
10342
10358
10368
10374
10380
10387
10388
10389
10404
10414
10420
10425
10432
10449
10461
10471
10488
10496
10499
10502
10505
10510
10520
10522
10536
10538
10539
10540
10546
10550
10556
10559
10566
10571
10573
10598
10630
10653
10657
10670
10677
10688
10694
10701
10704
10709
10721
10722
10726
10729
10738
10746
10774
10791
10799
10801
10806
10818
10829
10835
10840
10851
10856
10862
10864
10866
10868
10871
10878
10880
10881
10889
10891
10895
10900
10905
10911
10913
10914
10933
10939
10942
10945
10956
10963
10966
10975
10981
10988
10996
10998
10999
11003
11029
11037
11038
11059
11060
11075
11095
11097
11099
11104
11117
11121
11132
11133
11134
11135
11138
11167
11173
11181
11184
11206
11208
11219
11229
11238
11240
11246
11254
11255
11258
11267
11270
11274
11277
11282
11291
11300
11312
11313
11315
11323
11328
11348
11350
11384
11385
11387
11389
11394
11395
11417
11421
11436
11439
11454
11473
11479
11480
11488
11494
11502
11521
11527
11533
11542
11554
11565
11566
11572
11579
11593
11603
11605
11620
11625
11631
11641
11643
11656
11672
11689
11692
11697
11699
11706
11714
11726
11747
11752
11755
11760
11768
11787
11808
11812
11822
11826
11830
11838
11846
11853
11869
11870
11873
11885
11889
11908
11910
11915
11916
11930
11938
11940
11941
11951
11957
11958
11965
11969
11999
12012
12015
12023
12082
12102
12108
12112
12124
12130
12142
12144
12149
12157
12159
12160
12161
12166
12171
12176
12182
12187
12188
12193
12199
12202
12215
12217
12244
12261
12269
12285
12304
12323
12340
12349
12350
12370
12373
12381
12391
12393
12400
12408
12409
12419
12422
12426
12431
12435
12462
12463
12468
12486
12489
12492
12494
12501
12505
12513
12514
12517
12518
12536
12545
12556
12565
12571
12572
12573
12584
12588
12592
12594
12606
12610
12612
12615
12625
12626
12630
12650
12652
12653
12666
12672
12675
12676
12678
12686
12689
12690
12698
12702
12719
12732
12742
12743
12745
12750
12755
12760
12764
12771
12773
12776
12782
12783
12787
12789
12791
12804
12806
12810
12822
12829
12833
12835
12849
12851
12863
12871
12878
12915
12921
12922
12925
12936
12953
12956
12965
12984
12985
12989
12992
12993
13002
13005
13008
13061
13069
13073
13079
13083
13098
13120
13127
13132
13134
13144
13173
13175
13177
13181
13182
13240
13246
13248
13252
13255
13276
13286
13295
13303
13311
13320
13321
13322
13323
13333
13344
13348
13356
13357
13387
13388
13391
13395
13398
13430
13456
13466
13474
13477
13479
13480
13519
13533
13538
13540
13552
13557
13559
13566
13569
13571
13573
13576
13602
13624
13631
13656
13666
13667
13672
13724
13742
13746
13754
13760
13764
13768
13779
13781
13790
13796
13799
13800
13801
13815
13817
13823
13845
13859
13886
13916
13918
13930
13932
13936
13941
13961
13965
13970
13984
13992
14004
14011
14015
14030
14037
14040
14054
14057
14068
14081
14090
14095
14102
14110
14116
14133
14151
14160
14161
14188
14205
14218
14229
14231
14235
14239
14257
14262
14280
14303
14305
14325
14330
14361
14376
14384
14388
14392
14396
14405
14407
14419
14420
14429
14436
14440
14441
14456
14462
14483
14489
14491
14526
14539
14540
14546
14551
14553
14564
14566
14567
14573
14614
14626
14638
14653
14654
14661
14662
14676
14701
14705
14708
14711
14728
14752
14754
14764
14775
14796
14802
14809
14813
14814
14830
14837
14841
14855
14860
14869
14871
14875
14876
14883
14884
14891
14896
14906
14907
14938
14948
14959
14978
14981
14986
14994
15001
15004
15011
15014
15015
15021
15026
15027
15036
15041
15055
15064
15071
15079
15080
15106
15110
15113
15133
15135
15137
15139
15143
15146
15159
15174
15179
15181
15185
15199
15200
15228
15230
15233
15235
15240
15272
15290
15302
15319
15320
15325
15334
15335
15338
15340
15357
15371
15380
15392
15410
15416
15417
15428
15431
15447
15462
15475
15480
15485
15523
15524
15530
15535
15539
15549
15565
15573
15583
15595
15605
15644
15665
15668
15669
15680
15699
15703
15708
15733
15738
15745
15759
15765
15791
15795
15801
15805
15808
15850
15851
15856
15859
15870
15872
15879
15895
15902
15904
15924
15925
15928
15930
15933
15943
15954
15967
15970
15973
15979
15988
15991
15997
16001
16002
16017
16019
16024
16033
16048
16049
16064
16068
16071
16074
16080
16090
16096
16102
16103
16108
16111
16122
16125
16156
16159
16171
16179
16205
16209
16213
16222
16229
16234
16242
16245
16246
16259
16260
16261
16271
16276
16297
16311
16325
16327
16334
16339
16344
16350
16354
16356
16360
16383
16418
16430
16436
16440
16446
16448
16467
16470
16471
16478
16485
16490
16498
16499
16509
16510
16512
16516
16525
16528
16536
16561
16563
16570
16574
16600
16601
16604
16605
16608
16622
16644
16670
16672
16682
16686
16691
16701
16703
16705
16712
16715
16737
16749
16756
16761
16766
16769
16771
16772
16792
16793
16797
16800
16806
16813
16829
16839
16841
16842
16850
16867
16874
16883
16889
16900
16906
16911
16924
16926
16957
16964
16986
17003
17007
17009
17013
17017
17018
17024
17060
17062
17068
17079
17082
17110
17114
17121
17150
17152
17153
17172
17182
17186
17195
17196
17204
17208
17217
17218
17222
17226
17234
17242
17249
17265
17266
17273
17274
17277
17280
17289
17291
17296
17311
17318
17322
17330
17346
17347
17357
17359
17369
17376
17378
17403
17408
17412
17418
17422
17437
17454
17455
17478
17490
17497
17526
17545
17566
17576
17577
17581
17587
17593
17603
17609
17611
17619
17621
17622
17626
17649
17658
17662
17663
17664
17672
17673
17674
17679
17682
17688
17711
17716
17730
17734
17736
17744
17745
17752
17756
17766
17782
17813
17843
17848
17855
17861
17867
17870
17881
17892
17907
17908
17916
17919
17927
17939
17945
17955
17966
17967
17970
17986
17995
17998
18022
18025
18026
18036
18038
18044
18048
18054
18055
18073
18076
18081
18112
18137
18141
18159
18160
18163
18165
18169
18174
18178
18184
18190
18196
18197
18212
18216
18226
18229
18233
18236
18255
18277
18278
18279
18289
18290
18292
18294
18295
18299
18300
18304
18317
18320
18342
18351
18352
18357
18367
18368
18370
18378
18383
18384
18385
18386
18393
18407
18408
18436
18444
18446
18447
18452
18456
18467
18472
18484
18486
18492
18498
18501
18502
18511
18516
18520
18524
18525
18529
18533
18534
18546
18547
18548
18554
18570
18572
18577
18610
18611
18613
18623
18624
18625
18630
18633
18637
18658
18664
18672
18677
18679
18695
18700
18711
18715
18723
18726
18731
18744
18758
18763
18778
18784
18798
18813
18816
18822
18834
18858
18871
18882
18898
18902
18935
18940
18953
18961
18970
19002
19003
19008
19010
19017
19018
19020
19038
19046
19076
19077
19082
19090
19091
19093
19098
19111
19112
19114
19116
19142
19152
19167
19170
19173
19176
19190
19191
19194
19198
19209
19215
19229
19242
19245
19248
19249
19251
19266
19298
19304
19309
19311
19322
19335
19336
19338
19347
19348
19353
19354
19355
19358
19363
19364
19376
19385
19390
19392
19401
19408
19410
19440
19441
19454
19478
19482
19489
19491
19497
19509
19510
19511
19516
19518
19524
19536
19544
19568
19570
19574
19576
19588
19590
19592
19595
19597
19598
19600
19620
19624
19654
19656
19658
19672
19697
19703
19712
19723
19738
19754
19760
19761
19769
19777
19786
19794
19815
19820
19825
19827
19834
19836
19840
19844
19859
19871
19875
19880
19886
19896
19899
19900
19908
19940
19947
19948
19971
19977
19985
19987
19997
20026
20032
20047
20072
20074
20092
20093
20111
20114
20116
20143
20171
20200
20208
20211
20229
20235
20240
20255
20256
20289
20301
20313
20336
20351
20383
20388
20393
20426
20428
20438
20441
20442
20462
20476
20494
20506
20510
20531
20536
20550
20557
20559
20587
20595
20596
20600
20605
20606
20608
20611
20621
20630
20635
20649
20652
20660
20677
20685
20693
20698
20705
20707
20719
20723
20747
20754
20776
20780
20782
20789
20807
20834
20868
20870
20883
20884
20895
20908
20912
20920
20922
20928
20936
20951
20961
20984
20986
21006
21007
21008
21029
21037
21045
21054
21060
21066
21067
21080
21081
21084
21092
21095
21101
21148
21149
21152
21159
21166
21167
21169
21170
21174
21175
21178
21191
21198
21214
21226
21234
21242
21248
21251
21256
21272
21274
21288
21304
21313
21320
21325
21358
21364
21373
21384
21389
21400
21402
21414
21416
21427
21433
21440
21443
21450
21462
21474
21477
21483
21485
21502
21503
21506
21514
21518
21522
21531
21537
21544
21554
21556
21558
21561
21565
21567
21570
21574
21580
21596
21601
21611
21631
21652
21653
21658
21668
21685
21687
21693
21704
21743
21746
21747
21749
21754
21755
21759
21762
21763
21768
21774
21780
21795
21798
21809
21822
21838
21839
21847
21852
21856
21857
21858
21861
21870
21878
21880
21884
21889
21902
21914
21924
21935
21958
21966
22002
22006
22027
22044
22049
22051
22066
22078
22084
22088
22101
22133
22139
22157
22171
22177
22191
22193
22195
22196
22202
22213
22215
22222
22223
22234
22239
22265
22270
22271
22272
22279
22284
22297
22302
22307
22321
22326
22329
22335
22344
22370
22374
22377
22378
22379
22383
22400
22401
22405
22408
22413
22441
22448
22452
22464
22485
22495
22498
22512
22516
22536
22546
22550
22556
22558
22568
22578
22596
22603
22608
22617
22631
22636
22637
22639
22644
22671
22676
22681
22693
22722
22743
22765
22775
22779
22784
22792
22795
22806
22807
22810
22835
22868
22872
22888
22892
22897
22922
22925
22928
22947
22959
22961
22964
22970
22974
22982
22990
22993
22997
23004
23006
23009
23030
23037
23042
23043
23044
23059
23062
23078
23081
23082
23091
23095
23119
23129
23130
23134
23137
23138
23139
23144
23169
23173
23174
23184
23209
23221
23227
23234
23244
23248
23249
23251
23252
23261
23262
23263
23269
23286
23294
23312
23320
23333
23346
23359
23366
23372
23379
23396
23400
23405
23407
23412
23425
23434
23442
23446
23449
23452
23480
23506
23513
23526
23534
23538
23541
23545
23551
23561
23572
23573
23575
23597
23598
23609
23613
23647
23657
23665
23670
23677
23678
23694
23720
23731
23732
23736
23739
23748
23756
23763
23776
23780
23791
23793
23800
23801
23805
23819
23825
23840
23845
23859
23865
23866
23875
23880
23881
23883
23906
23911
23915
23926
23928
23943
23946
23952
23957
23958
23970
23971
23973
23978
24018
24023
24032
24044
24046
24049
24057
24059
24063
24080
24092
24099
24100
24133
24161
24167
24169
24190
24206
24207
24210
24223
24235
24238
24253
24267
24276
24316
24319
24327
24337
24353
24354
24361
24369
24382
24385
24387
24393
24404
24407
24411
24423
24434
24453
24457
24466
24467
24473
24475
24483
24493
24499
24505
24515
24517
24519
24537
24547
24570
24575
24588
24589
24595
24596
24605
24609
24619
24623
24628
24631
24639
24641
24646
24649
24652
24658
24676
24690
24691
24694
24695
24699
24710
24721
24723
24741
24761
24774
24775
24778
24785
24787
24793
24795
24796
24798
24805
24820
24822
24828
24832
24851
24867
24875
24881
24887
24899
24918
24923
24927
24933
24942
24944
24945
24946
24957
24960
24967
24969
24973
24980
24994
25001
25005
25009
25035
25044
25068
25076
25078
25079
25082
25093
25098
25099
25102
25104
25105
25111
25112
25113
25114
25117
25121
25125
25142
25145
25169
25171
25188
25212
25219
25227
25248
25249
25250
25256
25261
25266
25281
25287
25301
25323
25354
25360
25382
25395
25408
25412
25432
25439
25442
25444
25453
25458
25460
25466
25468
25469
25501
25503
25505
25507
25519
25522
25525
25537
25547
25554
25555
25558
25588
25598
25599
25633
25641
25643
25646
25649
25651
25658
25686
25695
25697
25705
25715
25720
25736
25737
25792
25794
25795
25798
25808
25825
25838
25854
25881
25890
25904
25908
25915
25916
25918
25928
25935
25942
25950
25958
25974
25975
25979
25985
25994
26011
26026
26036
26039
26047
26055
26061
26068
26079
26082
26085
26087
26092
26119
26121
26124
26131
26136
26143
26159
26160
26161
26169
26183
26185
26188
26195
26200
26203
26204
26206
26261
26275
26283
26289
26299
26305
26307
26328
26330
26344
26352
26362
26363
26377
26378
26389
26396
26400
26402
26404
26409
26420
26460
26470
26483
26491
26494
26495
26501
26502
26509
26531
26537
26546
26567
26596
26602
26603
26629
26654
26656
26673
26677
26678
26688
26690
26692
26694
26697
26700
26712
26719
26720
26723
26731
26734
26735
26743
26751
26780
26794
26804
26805
26806
26813
26815
26818
26832
26834
26835
26839
26842
26844
26848
26856
26860
26866
26874
26904
26914
26916
26924
26937
26975
26977
26980
26996
27006
27013
27017
27032
27045
27048
27051
27054
27055
27056
27063
27066
27073
27100
27111
27121
27126
27141
27143
27148
27150
27163
27165
27166
27196
27216
27246
27255
27257
27268
27279
27283
27301
27302
27305
27308
27314
27322
27346
27351
27364
27394
27401
27402
27405
27435
27439
27442
27443
27471
27476
27478
27481
27486
27488
27501
27507
27511
27525
27528
27534
27536
27554
27560
27569
27575
27576
27583
27590
27600
27603
27605
27616
27626
27632
27641
27647
27654
27676
27680
27681
27687
27700
27724
27736
27740
27742
27756
27767
27768
27769
27771
27775
27791
27801
27810
27816
27830
27840
27846
27893
27900
27901
27913
27930
27943
27957
27958
27962
27970
27985
27998
28011
28025
28032
28040
28041
28049
28064
28067
28069
28076
28077
28082
28085
28095
28104
28122
28123
28128
28132
28144
28145
28162
28177
28180
28188
28196
28205
28217
28222
28233
28241
28246
28249
28253
28256
28273
28282
28298
28299
28301
28305
28342
28359
28369
28385
28390
28402
28415
28433
28434
28437
28446
28452
28456
28458
28468
28469
28473
28477
28479
28482
28484
28497
28499
28502
28504
28510
28515
28518
28532
28541
28546
28551
28561
28569
28570
28594
28595
28613
28637
28641
28659
28666
28671
28679
28723
28727
28733
28758
28771
28805
28808
28825
28834
28851
28862
28874
28876
28879
28884
28920
28937
28940
28955
28960
28967
28972
28993
28995
28998
28999
29001
29010
29034
29037
29040
29044
29049
29077
29121
29127
29131
29132
29133
29136
29137
29155
29177
29183
29199
29201
29221
29228
29239
29259
29263
29264
29272
29277
29289
29294
29295
29315
29330
29378
29379
29381
29385
29399
29415
29421
29430
29442
29443
29455
29474
29480
29497
29515
29516
29527
29534
29535
29547
29548
29550
29555
29556
29569
29573
29583
29586
29595
29599
29617
29632
29633
29634
29635
29648
29652
29659
29663
29670
29672
29677
29684
29690
29720
29731
29742
29744
29765
29769
29782
29787
29801
29808
29811
29813
29818
29819
29820
29830
29854
29859
29863
29888
29891
29892
29906
29909
29923
29924
29940
29946
29951
29966
29977
29979
29981
29982
29983
29987
29989
29993
30000
30006
30009
30024
30027
30040
30063
30064
30066
30079
30084
30104
30107
30109
30114
30116
30151
30158
30161
30162
30165
30167
30183
30185
30193
30195
30224
30237
30248
30255
30263
30265
30271
30283
30296
30301
30304
30305
30307
30311
30325
30341
30343
30349
30358
30368
30373
30374
30379
30380
30381
30408
30444
30461
30471
30475
30486
30499
30518
30528
30531
30534
30541
30551
30555
30569
30584
30598
30599
30600
30609
30616
30617
30618
30635
30640
30650
30651
30653
30654
30665
30680
30694
30698
30703
30732
30740
30762
30770
30775
30777
30780
30796
30819
30823
30825
30836
30854
30855
30858
30860
30867
30876
30891
30897
30899
30901
30905
30906
30908
30910
30915
30922
30940
30941
30944
30945
30949
30956
30959
30968
30979
30993
31003
31012
31017
31041
31046
31059
31060
31063
31092
31094
31109
31123
31140
31141
31161
31174
31180
31183
31188
31192
31198
31219
31226
31229
31230
31240
31251
31283
31284
31292
31294
31308
31310
31342
31348
31353
31361
31363
31366
31370
31377
31383
31395
31398
31404
31411
31413
31420
31433
31437
31445
31460
31465
31467
31483
31486
31488
31496
31497
31507
31510
31511
31512
31513
31537
31542
31545
31550
31554
31563
31564
31585
31599
31613
31622
31631
31643
31647
31654
31673
31677
31682
31708
31719
31723
31737
31744
31748
31754
31770
31774
31780
31781
31792
31797
31806
31810
31826
31827
31833
31837
31841
31842
31851
31858
31859
31861
31876
31889
31893
31898
31913
31921
31922
31923
31926
31929
31946
31952
31966
31968
31982
31994
31998
32002
32021
32031
32035
32043
32066
32070
32072
32079
32091
32095
32100
32101
32105
32108
32116
32117
32128
32130
32133
32137
32143
32144
32149
32157
32160
32163
32171
32175
32185
32190
32198
32205
32209
32212
32213
32217
32220
32237
32245
32256
32258
32269
32283
32286
32297
32305
32311
32331
32372
32381
32382
32390
32401
32414
32421
32424
32440
32445
32453
32478
32483
32485
32486
32490
32494
32497
32498
32502
32511
32513
32530
32537
32539
32552
32599
32604
32610
32612
32613
32642
32668
32677
32693
32694
32704
32711
32712
32719
32746
32760
32763
32766
32767
32788
32789
32800
32803
32812
32845
32846
32853
32866
32874
32877
32898
32906
32910
32911
32917
32922
32945
32948
32954
32956
32960
32962
32971
32988
33005
33008
33012
33059
33060
33062
33080
33083
33089
33094
33106
33110
33115
33121
33127
33130
33144
33153
33155
33160
33167
33178
33193
33196
33205
33211
33219
33220
33222
33224
33240
33241
33242
33251
33260
33261
33267
33268
33277
33290
33296
33303
33315
33316
33317
33333
33341
33350
33368
33380
33391
33396
33397
33399
33424
33436
33437
33442
33446
33448
33452
33459
33483
33487
33490
33494
33531
33536
33537
33565
33588
33593
33602
33614
33620
33636
33638
33640
33642
33651
33662
33672
33684
33698
33704
33716
33728
33741
33755
33758
33766
33770
33772
33773
33790
33791
33808
33809
33820
33823
33839
33853
33859
33873
33905
33910
33912
33916
33927
33935
33939
33949
33954
33957
33972
33975
33976
33981
33995
34023
34038
34071
34093
34098
34116
34125
34128
34148
34208
34217
34222
34250
34261
34265
34270
34272
34293
34305
34306
34315
34320
34332
34344
34351
34356
34361
34380
34385
34397
34398
34407
34413
34421
34422
34423
34426
34431
34444
34454
34466
34467
34478
34479
34480
34483
34486
34523
34527
34542
34543
34545
34556
34567
34572
34576
34579
34609
34641
34645
34658
34660
34662
34679
34680
34689
34714
34722
34725
34727
34728
34751
34755
34767
34775
34788
34802
34812
34813
34824
34828
34837
34840
34846
34856
34866
34869
34872
34889
34895
34900
34901
34907
34910
34914
34944
34953
34959
34963
34965
34970
34976
34979
34998
35000
35006
35011
35018
35040
35048
35051
35058
35092
35097
35098
35100
35104
35105
35114
35117
35126
35132
35133
35145
35151
35152
35162
35164
35165
35172
35174
35175
35217
35221
35223
35225
35235
35242
35248
35250
35255
35269
35283
35286
35289
35293
35299
35302
35312
35314
35317
35326
35337
35339
35347
35359
35367
35370
35371
35383
35393
35401
35406
35408
35424
35427
35441
35444
35450
35453
35456
35458
35459
35480
35487
35493
35504
35510
35531
35549
35554
35560
35562
35576
35587
35592
35597
35614
35619
35622
35625
35641
35653
35662
35663
35675
35682
35684
35695
35699
35700
35706
35719
35733
35734
35741
35744
35750
35782
35788
35789
35802
35821
35827
35829
35834
35839
35844
35872
35876
35889
35895
35905
35920
35925
35938
35942
35945
35947
35948
35957
35983
35989
35990
35998
36002
36010
36016
36029
36038
36044
36049
36069
36070
36071
36075
36076
36084
36120
36124
36125
36128
36133
36136
36137
36141
36159
36181
36186
36190
36213
36223
36229
36237
36255
36268
36277
36288
36293
36296
36299
36301
36303
36304
36318
36323
36331
36357
36361
36367
36384
36388
36394
36398
36414
36415
36427
36442
36447
36449
36453
36466
36471
36472
36475
36477
36480
36486
36503
36509
36527
36545
36551
36553
36556
36579
36590
36594
36601
36602
36612
36617
36634
36641
36647
36649
36651
36666
36684
36686
36687
36696
36705
36710
36716
36720
36725
36727
36729
36736
36738
36747
36752
36759
36764
36766
36773
36783
36791
36797
36814
36816
36819
36825
36853
36864
36878
36895
36897
36909
36910
36916
36926
36932
36940
36946
36952
36956
36965
36973
36982
36986
37013
37028
37031
37044
37056
37073
37075
37093
37109
37111
37126
37130
37135
37137
37143
37144
37145
37146
37168
37178
37188
37189
37204
37217
37219
37223
37227
37233
37272
37323
37343
37348
37365
37366
37371
37405
37408
37438
37440
37441
37451
37479
37484
37487
37495
37510
37524
37525
37529
37552
37557
37565
37569
37572
37574
37577
37607
37610
37614
37633
37636
37642
37647
37666
37681
37688
37689
37690
37699
37715
37716
37731
37735
37739
37741
37750
37758
37771
37773
37780
37792
37795
37826
37827
37835
37845
37846
37848
37854
37855
37856
37862
37864
37866
37869
37873
37879
37882
37889
37906
37910
37912
37918
37930
37931
37941
37952
37964
37970
37972
37978
37979
37983
37984
37985
37994
38010
38015
38017
38031
38049
38051
38052
38058
38059
38065
38069
38073
38075
38086
38094
38097
38116
38128
38130
38138
38139
38151
38172
38173
38179
38186
38195
38197
38199
38214
38220
38229
38240
38246
38250
38278
38283
38295
38320
38329
38332
38349
38365
38384
38406
38412
38427
38435
38437
38440
38442
38448
38456
38457
38471
38490
38506
38520
38535
38552
38558
38559
38568
38570
38573
38586
38588
38603
38604
38605
38624
38625
38627
38631
38654
38655
38657
38662
38671
38680
38682
38683
38698
38699
38702
38703
38706
38727
38731
38736
38743
38745
38755
38766
38768
38792
38798
38808
38812
38817
38818
38819
38827
38847
38866
38868
38875
38880
38892
38898
38909
38910
38913
38915
38919
38920
38925
38926
38944
38950
38958
38982
38987
38991
39003
39010
39013
39014
39018
39041
39045
39048
39057
39059
39063
39075
39077
39088
39099
39102
39106
39116
39124
39127
39136
39137
39139
39150
39171
39182
39188
39212
39215
39237
39252
39260
39266
39268
39287
39290
39300
39307
39322
39328
39341
39342
39343
39347
39351
39353
39379
39380
39391
39434
39437
39449
39460
39463
39468
39475
39479
39481
39489
39499
39502
39511
39516
39517
39521
39524
39532
39536
39562
39568
39578
39589
39606
39608
39609
39617
39650
39651
39661
39676
39677
39687
39688
39697
39698
39701
39711
39740
39751
39774
39795
39796
39800
39808
39810
39815
39817
39827
39829
39834
39835
39837
39853
39858
39875
39901
39904
39924
39930
39934
39940
39956
39970
39973
39976
40003
40012
40026
40039
40042
40053
40096
40098
40100
40105
40119
40128
40129
40133
40134
40148
40165
40179
40184
40187
40196
40207
40215
40218
40220
40223
40226
40229
40234
40241
40243
40244
40250
40254
40259
40268
40269
40270
40282
40299
40302
40303
40309
40327
40336
40337
40338
40355
40358
40361
40365
40369
40384
40401
40411
40415
40421
40422
40426
40429
40430
40440
40442
40445
40449
40450
40474
40488
40491
40514
40526
40533
40548
40550
40574
40587
40589
40598
40612
40618
40619
40625
40626
40644
40647
40656
40661
40662
40663
40669
40678
40684
40690
40706
40710
40719
40724
40730
40735
40739
40749
40759
40766
40768
40770
40772
40776
40777
40800
40805
40806
40811
40834
40835
40836
40843
40847
40850
40868
40874
40880
40882
40890
40891
40895
40909
40932
40938
40945
40959
40973
40981
40982
40986
40993
40999
41012
41029
41037
41053
41055
41063
41064
41078
41089
41096
41097
41104
41109
41115
41133
41141
41146
41155
41159
41165
41167
41181
41184
41196
41204
41221
41227
41242
41243
41245
41253
41262
41267
41277
41278
41288
41296
41297
41304
41314
41315
41341
41348
41355
41359
41360
41380
41396
41399
41417
41419
41434
41443
41444
41450
41451
41475
41476
41480
41483
41493
41497
41503
41510
41517
41521
41522
41532
41547
41562
41563
41574
41576
41580
41581
41604
41624
41642
41643
41683
41686
41696
41702
41703
41708
41719
41724
41734
41750
41766
41771
41772
41780
41787
41791
41794
41818
41819
41823
41833
41843
41850
41855
41859
41868
41875
41892
41894
41898
41918
41927
41930
41933
41944
41952
41963
41976
41979
41994
41996
42004
42013
42016
42026
42051
42065
42070
42074
42086
42111
42123
42133
42142
42146
42147
42152
42155
42175
42176
42179
42180
42208
42219
42220
42221
42228
42239
42241
42250
42252
42276
42311
42317
42352
42355
42363
42365
42403
42414
42418
42434
42439
42456
42480
42486
42498
42502
